ῃ 999999999
Mn& 9999 999 9999999999999 , 9999999999 999 dieu 99999
9989 999999 99 99999999,Ι sal 99999 9999 999999, 99999999,
9999, 999999 99999999 ’99 999 99999999 999 99 999 99 99·
⁴ 9999 ’
9999 999 9999999 exeram 999 9999999 9999 99999999Ι
999999 999 99999. 999 de 99999999 Rh'gw 9999999999
worden 99999 99999999 , 99 99999 de Capene van
Gra 1e ende de Cape 919 999 onse Vrouwe Gr dt·s
huys 99 de Korok 99 -9999999 mdc [999999 999 99999-
999999 des 999999999999 9999 9999999 9999999999 9999999
99999999 seffe vreedsamighe g 99999999 9999999999. de,
9999999 999 Μ99999999 9999 999 99999999999999 , enda:
999 dese 9999999999 99 alles 9999999999- 9999 999999
9999999 , do 9 9999999 9999 dit 9999 99 999 9999 9999
99999999 9999999 999 999999 999 999 armen, 99 9999 u·
⁴ 999 99 999 gem 999 9999999999 99999999 999 9999999
bem 999 9999999999 999999 99 99999 , 999 99999999 99-’
9999999999 999999999999 99 9999999.
Ibem 999999, 999 9999 9999999999 999 9999999999 999·
9999999999 9999999 99999 9999999999 999 xxv111 99999,
· lest-leden 99999 dm 9999 999 deser 9999 auden 9999
mede-b 99999999τί99 99999999 9999999999 999999, 99 999999.
9999 999 dfe 99 9999999999 999 9999999999 9999 99999999
999 med 99999999 ’9999999999 9999999, 999999 9999999
xxxv. 9999 9999 9999999999 999999 99999 stadt, 999-
9999 ende 999999999999999 999 999999, 999999 99999-Ι
’ 9999999 99 999999, 999 99 9999 99999999 999999 ende¹
conscnte 999 999 9999999999 9999999 ende 999999 999,
9999999 999 dim 9999999999, 99 de 9999 9999 99ἱ
99999999 999 99999 ’
19999 dat 999 9999999999 9999999 9999999999 , 99999·-
999999 de 9999999 , alle 99 gene die 999999 viar jam,
9999999999 999999 diser 9999 999 99999999 999999999,’
999 9999999 999 9999 9999999999 999 9999999999 fledm¹
999 9999999 999 999999 999 999999 99999. 9999999
- 999999999999. 9999999999 99999999 999 999 999999·Ι
9999 999 de 99999999, 99999999 99999999 99 ende 99994-
99999 9999999999 999 99999 9999999999,Ι 9 9 99999999,
hyde 91999 999 0999999999 , 9999999 999 9999999999

mmm &ff

 

